1e-12
x1
0 0.0000005 0.00000002 0.00000001
0.0000005 0.0000007 0.00000001 0.00000001
0.0000007 0.0000009 0.00000001 0.000000003
0.0000009 0.00000105 0.000000003 0.000000003
0.00000105 0.0000012 0.000000003 0.00000001
0.0000012 0.000002 0.00000001 0.00000002
x2
0 0.0000003 0.00000002 0.00000001
0.0000003 0.0000005 0.00000001 0.00000001
0.0000005 0.0000006 0.00000001 0.000000003
0.0000006 0.00000075 0.000000003 0.000000003
0.00000075 0.0000009 0.000000003 0.00000001
0.0000009 0.0000012 0.00000001 0.00000001
